1 iad
[-1, -1, -1, -1, -1, -1, -1, -1, -1, -1, -1, -1, -1, -1, -1] [0, 10, 10, 10, 10, 10, 10, 10, 10, 10, 10, 10, 10, 10, 10]
1 i
[-1, -1, -1, 0, -1, -1, -1, -1, -1, -1, -1, -1, -1, -1, -1] [0, 10, 10, 1, 10, 10, 10, 10, 10, 10, 10, 10, 10, 10, 10]
1 adgk
[-1, 1, -1, 0, -1, -1, -1, -1, -1, -1, -1, -1, -1, -1, -1] [0, 1, 10, 1, 10, 10, 10, 10, 10, 10, 10, 10, 10, 10, 10]
1 g
[-1, 1, -1, 0, -1, -1, -1, -1, -1, -1, -1, -1, -1, -1, -1] [0, 1, 10, 1, 10, 10, 10, 10, 10, 10, 10, 10, 10, 10, 10]
1 k
[-1, 1, -1, 0, -1, -1, -1, -1, -1, -1, -1, -1, -1, -1, -1] [0, 1, 10, 1, 10, 10, 10, 10, 10, 10, 10, 10, 10, 10, 10]
2 iad
[-1, 1, -1, 0, -1, -1, -1, -1, -1, -1, -1, -1, -1, -1, -1] [0, 1, 10, 1, 10, 10, 10, 10, 10, 10, 10, 10, 10, 10, 10]
2 i
[-1, 1, -1, 0, -1, -1, -1, -1, -1, -1, -1, -1, -1, -1, -1] [0, 1, 10, 1, 10, 10, 10, 10, 10, 10, 10, 10, 10, 10, 10]
2 adgk
[-1, 1, -1, 0, -1, -1, -1, -1, -1, -1, -1, -1, -1, -1, -1] [0, 1, 10, 1, 10, 10, 10, 10, 10, 10, 10, 10, 10, 10, 10]
2 g
[-1, 1, -1, 0, -1, 2, -1, -1, -1, -1, -1, -1, -1, -1, -1] [0, 1, 10, 1, 10, 2, 10, 10, 10, 10, 10, 10, 10, 10, 10]
2 k
[-1, 1, -1, 0, -1, 2, -1, -1, -1, -1, -1, -1, -1, -1, -1] [0, 1, 10, 1, 10, 2, 10, 10, 10, 10, 10, 10, 10, 10, 10]
3 iad
[-1, 1, -1, 0, -1, 2, -1, -1, -1, -1, -1, -1, -1, -1, -1] [0, 1, 10, 1, 10, 2, 10, 10, 10, 10, 10, 10, 10, 10, 10]
3 i
[-1, 1, -1, 0, -1, 2, -1, -1, -1, -1, -1, -1, -1, -1, -1] [0, 1, 10, 1, 10, 2, 10, 10, 10, 10, 10, 10, 10, 10, 10]
3 adgk
[-1, 1, -1, 0, -1, 2, -1, -1, -1, -1, -1, -1, -1, -1, -1] [0, 1, 10, 1, 10, 2, 10, 10, 10, 10, 10, 10, 10, 10, 10]
3 g
[-1, 1, -1, 0, -1, 2, -1, -1, -1, -1, -1, -1, -1, -1, -1] [0, 1, 10, 1, 10, 2, 10, 10, 10, 10, 10, 10, 10, 10, 10]
3 k
[-1, 1, -1, 0, -1, 2, -1, -1, -1, -1, -1, -1, -1, -1, -1] [0, 1, 10, 1, 10, 2, 10, 10, 10, 10, 10, 10, 10, 10, 10]
4 iad
[-1, 1, -1, 0, -1, 2, -1, -1, -1, -1, -1, -1, -1, -1, -1] [0, 1, 10, 1, 10, 2, 10, 10, 10, 10, 10, 10, 10, 10, 10]
4 i
[-1, 1, -1, 0, -1, 2, -1, -1, -1, -1, -1, -1, -1, -1, -1] [0, 1, 10, 1, 10, 2, 10, 10, 10, 10, 10, 10, 10, 10, 10]
4 adgk
[-1, 1, -1, 0, -1, 2, -1, -1, -1, -1, -1, -1, -1, -1, -1] [0, 1, 10, 1, 10, 2, 10, 10, 10, 10, 10, 10, 10, 10, 10]
4 g
[-1, 1, -1, 0, -1, 2, -1, -1, -1, -1, -1, -1, -1, -1, -1] [0, 1, 10, 1, 10, 2, 10, 10, 10, 10, 10, 10, 10, 10, 10]
4 k
[-1, 1, -1, 0, 3, 2, -1, -1, -1, -1, -1, -1, -1, -1, -1] [0, 1, 10, 1, 2, 2, 10, 10, 10, 10, 10, 10, 10, 10, 10]
[-1, 1, -1, 0, 3, 2, -1, -1, -1, -1, -1, -1, -1, -1, -1] [0, 1, 10, 1, 2, 2, 10, 10, 10, 10, 10, 10, 10, 10, 10]
i adgk
